1        20194515  Nguyen_Van_A            0123456789     3.00
2        20194516  Nguyen_Van_B            1123456789     3.00
3        20194517  Nguyen_Van_C            2123456789     3.00
4        20194518  Nguyen_Van_D            3123456789     3.00
5        20192519  Nguyen_Van_E            4123456789     3.00
6        20194520  Nguyen_Van_F            5123456789     3.00
7        20194521  Nguyen_Van_G            6123456789     3.00
8        20194522  Nguyen_Van_H            7123456789     3.00
9        20194523  Nguyen_Van_I            9123456789     3.00
10       20194524  Nguyen_Van_K            0223456789     3.00
11       20194525  Nguyen_Van_AA           1223456789     3.00
12       3         ff                      3              3.00
13       4         ggfff                   3              3.00
